325983123
178953530
482747901
368047223
235443038
153086752
508310283
191381789
399845192
460272581
140913478
185222793
137619473
163162445
165961385
344032807
311883184
96614007
146368326
342780224
347683635
188481228
52811335
343304222
421117066
357875699
148151627
377489792
152215612
173852603
195269156
223944228
527852639
132339492
279470136
227797816
271653828
467297379
87297261
326161912
381521174
288467809
183542501
140581409
180467130
141153217
150630988
307174924
240506890
317537062
146860209
96928953
322529933
258222218
118636583
206190692
332717439
184556933
148332831
352987892
326207905
386562177
589058622
514216655
239354619
600680748
83400912
267139465
569162927
258027338
268988048
138146186
167931302
180275133
504378701
171735248
294807687
261043862
182765029
402822572
169864937
220806075
516977322
570650643
432260320
323838356
274917361
580490595
246054662
165859923
459183244
197567982
347131123
289666351
419021415
197844427
233370230
281966041
132563500
530010705
246139536
177501033
224145480
336211902
71817260
169908939
93505678
445885017
416171921
499232724
274711219
584123150
147714684
527798367
164919375
185403085
364410664
231565667
387813447
291115369
409379305
634780422
206863723
159660540
166592318
178884033
152586313
168559387
360929320
240295680
146223028
264863882
471401376
550553642
261897335
552413184
198666712
107572820
170183754
316034360
610486987
404846614
6089154
136445531
103096434
274921831
175409377
236374814
90460843
134468192
406186572
71326658
210113257
502993437
204754473
199248538
63437365
107387391
305306922
382634373
301968011
55557882
206708344
228166467
4028389
286160123
531574953
188445548
237291764
224738978
317549150
331417061
193913465
171022344
186149733
305223884
165252602
298299528
254074355
194806948
165630676
149052307
202667068
340594185
212594347
170954261
201720588
272528477
203047404
334545630
240822350
145261092
273516541
185355841
296561587
301318222
100986593
169992678
258196574
185896976
172487495
167957177
124972920
272231426
250686026
582374727
241113477
521289493
308869717
106514548
170723496
98770208
146166534
297253056
149106421
242290571
150394767
413275447
164285297
274902558
254512993
174705843
279181442
287897187
178383311
74154459
219473477
383728225
591174186
308763324
165209217
346973059
303289818
205341402
406014651
576204072
312603137
194135828
369816937
137653460
390121080
173917202
158179256
201920232
454089393
164410661
76035349
259041507
165238206
526934144
531704687
156797958
170302477
144447020
407987661
238997920
217614037
324588802
185033859
493222371
189398287
136268229
245643045
138502286
220382652
66377714
365882248
558456456
152774124
328895329
147018151
216341482
295184098
161879136
160733025
213696911
184364243
170732855
174770125
58421688
295774119
298414921
135826414
198097422
382683315
160178827
74435430
249512093
126786748
241455800
131918146
202798489
384158479
143822869
162567918
138438804
183614441
175301582
341354811
144150302
301610880
371009702
159985771
166584572
496228928
150315499
177962723
213852676
156069043
153945942
191443190
139607501
133536121
135260295
314113557
470549246
437029739
248633358
583041150
190732225
124006994
161065618
184615666
132599215
232414597
210594418
356861283
599404728
419308248
383692664
173338188
183505922
269120920
157894688
625282587
190860911
176603364
463536972
270351819
106213622
165265606
510204047
214212305
1470543
224667474
513360598
123934356
395228131
193874073
188047478
306334031
144730455
179852428
159964268
268551403
471983501
344569311
411113807
197515980
619328406
580361870
602808586
182902941
149417599
196308007
153586834
552912611
522253181
496621866
420393776
392175980
78945355
215788598
167792472
424158265
333083031
187718762
404908594
354285064
207353903
153097354
261964834
162097181
155934387
499431926
557518580
31295051
151557813
287707207
294575596
322030141
361616786
435036901
339488522
609834822
602781695
606667972
580581135
421575277
519546753
634638798
524043686
623947983
485435081
498689295
442773062
632253478
545484514
222626712
449249879
633090240
440006198
197816132
557790895
319633265
501020970
633879843
350286152
348241132
195342166
199376809
168653295
243658511
262749407
295376473
301271518
212549484
151541200
335719107
253404980
216745955
316852827
197585580
214622941
198946482
299198552
432471086
422972866
449207504
488881892
266991092
489883249
470337869
359600511
276345852
624094959
254118742
191434266
275246458
515713121
476314879
304441258
427012220
487089847
503818026
389450692
394636555
525190169
547338252
381202317
397148464
309080980
392769384
402571058
306649385
390558411
311513654
300677838
636918797
413433472
286020160
370691936
55883616
134871478
541071123
365260637
278074542
342630576
345664730
182988257
147900825
317133226
75153116
317466668
214358810
100289905
7316332
271969853
215463947
217032826
150202076
206928070
119064990
473821805
331730963
204626750
456283126
285408810
223678424
144427734
634182037
506841950
300656757
279706672
258613791
266918707
222783937
184214830
379280701
339981510
210321673
316891362
248899658
347686561
320556299
221790909
287262390
183051867
188277539
338481328
252451197
199361535
201098114
369131481
486797798
261065532
203173074
258810308
208226850
251461689
386189714
365231037
216538156
230860324
422841656
382957355
198534706
204059725
290240244
446421793
313086915
186293499
333920702
261524240
378588540
191124697
221974350
286910846
211401286
278450075
386191958
286203645
179128577
179562440
180281439
181089093
180621646
249029464
226591809
178909681
210314332
300748875
432180088
361233489
221781132
167811016
175793224
475905321
380529046
385530216
372613537
455034750
238072421
263868509
457477383
350527543
355043832
469700872
409985621
470146751
274029158
573463375
479953040
174131870
368210783
399628144
318014750
357312615
363479423
239657651
340977546
79470883
90744089
107623522
101696555
111377906
7088247
72411859
97511216
91260848
106733232
74217430
80442389
72215119
107567767
128429503
98878847
97568380
61637843
50629016
16089261
121051437
73358072
75655006
152641601
135332591
171639869
154042011
163222240
147695371
165964993
150549753
138381695
144964093
165539022
143978025
139562603
143061323
152273070
156058409
168745939
172363193
145727977
159085829
150730624
151842697
152254715
155470638
150855635
375939029
366878648
431327570
255620064
214212183
73887959
141892220
176739112
237992789
275250984
539892652
236560981
395390962
427411685
202661724
280304194
333869092
196588171
337676088
496505128
352110571
575458180
587945557
302715761
451723005
368189039
394638725
478255941
268703294
406846139
503665254
600098880
284554481
171075357
169772077
638394883
317958527
230955192
237956462
241311942
331001563
325112921
323856007
404186046
310444996
412073854
383648209
284566944
364378224
320973841
259932884
389935131
291966453
320522135
265506618
346379390
290907038
228595847
323021204
298198806
268988354
514563013
327705665
356368076
353680371
262913818
244563358
134546590
134315646
166691833
146968120
607178573
402618292
154458859
324710226
410517174
340621203
288965497
349743276
336577423
317908626
293661519
201269259
221275454
212896578
225892320
208986770
323820689
195602639
199543075
625361121
178811809
350205970
228573843
514301512
432679028
377094528
243583887
304210705
329068720
319455738
418287884
368516907
345005672
326326076
240308394
449008322
502448199
399800581
212484760
305202728
367422927
502387722
323524886
299163776
456021152
341480914
396558197
314776346
393954500
481438227
393533093
435809836
457932393
338315263
286208487
449540224
403088630
323030214
504581178
454093907
306063289
357027804
400544656
340815789
475892601
313698864
565879050
191696420
190815531
304984211
186968689
577720014
172042411
144056762
166262547
163643713
40876325
163833554
318685802
411087654
387261876
479254680
468598753
458756904
418985181
454786288
291844940
85259349
161770904
433258157
171389138
392145227
266839668
526102927
260304796
566784220
476842714
383016060
549760359
434168003
393575643
419250737
460367573
402700663
316185119
367806145
335450238
237646550
628369897
470923094
354091874
182306805
340400789
436496526
508877493
408220090
315951377
502311944
298555684
407434016
344415119
395417591
499738122
372749453
200476725
290581067
537662037
449675754
538909199
299240853
380800378
365657660
501386564
365175384
325878038
381296847
299016114
480900480
497675624
376194976
323554848
147796081
485772752
337442619
490279355
427041025
291097523
142320645
91648348
563311758
212533142
175644578
319546203
551746959
240951589
233033317
355644262
287244883
73057118
109438629
186270944
314868677
320559784
102787960
218172348
406956249
166124486
154652896
168529582
183344317
154227000
204719264
197311303
153984879
434578150
88694505
99832951
147272940
198657856
512127240
555180356
282619267
266922874
167901112
164384796
196027709
171803707
124728364
235031402
190112118
284147154
356313664
192170567
153152999
114711978
490775182
618319216
181947459
519552761
168891497
351807112
172004006
120532980
123393148
156645405
198551885
3519037
185706090
319057607
553272092
258444489
146177959
178893867
156281259
160854640
219358517
129443426
85128159
233118764
201680976
154686033
162478559
158426217
220824516
373741556
422740730
232031765
410350515
341363526
185955869
187070573
136451556
473950513
461651322
105203304
173693212
496904468
212898377
307655291
154518192
140439215
216498552
160199431
182687615
201342761
296622574
251590943
476195208
578142484
295746158
537656030
151887703
183299909
226965331
396214201
611312839
407638145
167309039
263995945
206338645
138501116
163464732
227282674
144623934
176360540
262531983
222842288
541727820
182224323
158659682
159350774
188438402
424570738
454335745
204740313
256211968
147687529
405516600
146957838
262236722
147329379
485291560
557203151
310655608
155602479
491015172
175336552
445445770
202107617
147423874
248547524
466721208
232652257
242418222
140204235
306065625
545532386
282819580
204185492
169764721
147105039
208643933
320188543
282997791
325631680
74027029
177449097
342520074
430762648
172963376
125628979
411775048
118452222
442020241
324536688
168493858
318667960
406388502
161443471
226613034
167382126
347219971
30072982
203277347
537712200
383979542
343088051
79984918
270923252
142342964
168740057
173881873
155441616
415921554
72228617
215829660
202590673
257469651
564812913
219238669
507171665
175048247
591939122
348558593
235500725
230587431
317738932
287456535
266653285
287965760
571581676
192707029
531613580
533921361
576856953
223824674
223228984
558090940
434149038
384840881
168420991
148138891
359037996
71854925
451199253
285894982
172654159
167628607
141128884
203552906
288981616
307341228
340953305
233914492
546360112
66978231
227712245
507567548
318678870
359759922
173766866
222407259
203725623
312244442
194307380
69667102
350325439
144596787
224379639
278710013
214801349
202476835
160119468
175860791
138744573
277272808
138744544
210804727
458847578
88179390
191000759
193673261
229633125
187382329
150807532
120023362
150988933
178170747
149422763
174181935
67145807
107676754
259522364
283272235
225848728
311965996
99177046
571723624
12017840
163905190
182180300
244318816
328096619
374037171
152705483
392285867
333701350
324507179
477178299
169123783
233805159
546913313
167630879
185367699
240155191
429096724
381589816
177422450
599816055
218528907
353976512
198173635
532051611
391978869
336286355
174405254
555125740
333864528
136898358
208664049
434222400
85101352
230080466
588383462
148220775
257880889
234841842
344516523
208025523
107264725
282404686
136159239
180315001
86227114
192737201
285735917
233278791
633152639
169979821
281589941
9723350
134503868
336280583
118620261
173755487
200087442
595698939
143745063
384317422
62367389
611250385
8480967
543925775
153005215
197698924
497376230
199123141
153216996
385611261
334041284
420043324
320552025
171898997
638281954
302630659
261701740
162480935
144095202
173839492
252154645
193079398
163778061
133298249
172364197
315561915
541433578
557466780
480655056
226728079
172637246
580199887
590023232
483705617
436848147
401516703
554458793
195088384
465449579
439923725
624465977
397479885
162829442
492303097
549376471
552880830
641226922
310293179
311886907
574367153
456309823
533456142
397333694
454507718
610079262
360056630
593872575
548925586
530673600
618370877
454850062
654215656
443472545
642678933
581895882
486082456
588396526
502893821
404156460
521737725
185601518
305676232
209380469
371484051
195154955
160627857
345598068
344751990
294736220
290492129
98627468
289362973
341887317
444749916
471001202
616041303
581599727
483515458
540608088
614154967
474383693
579214896
525776452
401248901
517208099
501806245
508307195
277425929
574911350
290668487
596660201
312527033
581620189
630438424
588496748
621694734
582224634
561816171
581274618
579291926
377008396
392159204
579248970
572145568
431455348
464775356
576076528
590048822
383294155
479657764
582927297
363561007
389301986
197776063
159511738
147800230
251456984
117931899
351719780
454834613
155215553
184257984
156803610
161074550
486787451
514239438
270090922
281572252
296515398
318393081
585258177
289246895
372958988
188728153
400716854
163958272
398408559
168157215
281635425
316221154
456588594
269963093
423537090
508759080
486761261
493941683
566589299
199476313
537403128
562481061
507402360
582031334
368258204
167812840
420543007
220060175
241235803
454997581
503244475
310007239
220924130
463559891
466867489
222422840
350609063
301845319
273213606
233562019
526019579
199826021
259904538
198475121
239546322
199083113
204448333
596556358
311928374
271956612
501053691
391475999
240982863
264202152
275345065
345821596
317662515
194980876
290352015
237131928
543265224
204074394
215875731
341544586
373502681
282770741
298745140
296496738
346289919
232746232
183353099
327797803
328617890
381065481
318671295
460850918
251263616
274422579
208047722
482843847
184619240
310671828
208600057
198983784
416540721
370671329
513494008
380658824
381268690
494341792
247045637
424479133
603584899
482823703
274581708
514992644
495085012
239935860
177491644
181164841
180214222
179192918
179312308
180434948
644807568
407497280
306889273
523650162
257415964
582637978
391433894
639812352
196171139
655259290
470296603
278782595
179203790
374711787
260940015
545036115
225613143
309167880
609196959
541934643
543816792
535078708
336310186
138476649
514669802
229875585
382847948
531162334
264653780
413113282
180587832
534304639
450011971
296673929
325386924
268081438
655836110
608551596
173697651
151208922
512907260
367974269
299234718
494393613
276984093
397727470
276006389
248302127
119575473
132502971
87300817
122991634
103491414
96153390
126633880
131795189
130897576
10536639
104021957
76656461
103009022
127833296
132716043
34123746
97872731
148014784
162207299
153740653
158505521
158834903
168014419
163816921
134933597
164891220
143350546
168752020
153078649
156763026
148157065
166298090
155301352
153531856
138885395
136667962
145960898
145309423
583399130
193205979
460377518
428117763
341365418
353801346
416719003
309535287
474938388
546265738
201711496
225070054
151758113
176131141
227405533
537227450
395805083
200341592
349107578
337054749
321939854
424766964
578953299
325934662
305963696
340062932
465880423
541970694
500384348
512000117
576222389
530189228
485739011
283483926
464804588
528922861
408774412
471815931
374547383
381936807
450950836
156357742
584248856
511745659
287346918
438976667
318788680
326546023
392396304
523434296
532358612
409729761
567034572
288664781
252497359
278967929
464080113
401084823
235618251
428580719
325565076
424558929
476440187
318777799
285846060
596324694
545292033
503069909
424206688
393020041
294486355
342812238
293084933
229969909
243271405
580365841
487682955
195904171
183678030
513893661
574303155
573022399
582953633
385208518
315589803
335917493
580768084
530466821
427938145
285519240
265125059
346122153
579896648
481288823
277147253
303540659
329245678
355798752
377114621
268699666
336618798
315386395
460185006
230554458
221064243
245091928
245172800
198048904
190240173
599234351
580208520
535829181
144095866
148505066
147518300
160215464
154185808
134527176
576280944
475008372
398900584
527977217
574621772
587296300
401624757
375727741
379302509
449358866
635582904
639555541
640342305
44347723
531351756
469803253
512733101
570616659
500401817
552966074
349149324
480480970
268215316
532055937
566292445
389765058
505128301
586704767
597080876
389567010
481986845
347791810
405425702
371443582
319781469
580959392
244302987
377159669
330056515
118734592
516038461
549700334
391830159
268827698
518114759
523076592
485193161
399129105
301339059
312551683
397958869
530604590
397520236
303451615
192383768
350406626
464168992
525862829
469630012
318645544
243150016
346927216
306770470
367266493
297914416
317845807
343953374
324035728
458799718
369279088
263545119
335426987
285701408
397708034
603617252
353543583
315289823
318700186
398147112
418719059
627081871
470521459
463623863
308516998
439114813
480933109
222450936
433680759
268678055
249936583
68461276
357416549
495124884
348111565
448264420
430091440
307486803
